Ar_DBD_TCTAAT20NCG_P_RRGNACANNNTGTNCYY_2_4_short.pfm	4573,4564,0,3666,8672,0,8563,944,2684,5188,537,12,227,9591,366,496,3734;2475,109,0,2442,0,11745,0,6294,3355,1713,3120,0,0,976,7823,5712,3903;5855,7947,16837,1328,27,0,3022,2786,6521,8701,55,20062,48,2905,20,270,5116;4717,633,534,10486,210,59,635,5775,4175,1761,14842,0,13633,4515,36,3573,4811
Ascl2_DBD_TAGGGC20NCG_Z_RRCAGCTGYY_1_4_short.pfm	237,128,3,300,7,3,4,0,6,34;36,41,300,0,23,300,0,1,206,101;63,172,0,0,300,2,0,300,15,28;16,1,1,15,18,1,300,2,94,199
Atf4_DBD_TGCCGC20NGA_Z_NGGATGATGCAATM_2_4_short.pfm	598,327,90,1024,0,1,1114,0,0,0,1083,1090,0,466;125,37,322,89,2,0,0,437,4,1195,0,2,156,641;146,927,764,67,0,1132,0,2,1234,0,0,0,34,55;177,133,202,0,1061,3,1,969,0,49,0,0,1019,17
ATF7_DBD_TGGGCG30NCGT_AI_NNATGACGTCATNN_1_4_short.pfm	3922,5130,19329,11,26,19329,20,79,25,2698,19329,82,5628,5680;6606,2440,368,4,7,8,19329,9,16,19329,2,7305,8116,4920;4161,7299,3772,43,19329,58,33,19329,77,51,49,440,2129,5892;4641,4461,41,19329,1759,12,68,4,19329,22,11,19329,3456,2839
Atoh1_DBD_TAGTCC20NCTT_Z_RNCATATGNY_1_3_short.pfm	655,523,42,1027,17,1027,22,2,34,128;108,334,1027,20,10,74,4,1,234,494;372,149,8,34,136,0,5,1027,376,126;59,21,0,0,1027,0,1027,31,384,533
Barhl1_DBD_TCAGTC20NCG_AC_NNTAAACGNN_1_2_short.pfm	1478,1304,599,5893,5893,5893,444,1176,1367,939;1657,2133,53,0,0,238,5893,297,1393,1550;1831,832,0,9,45,933,264,5893,1995,613;927,1624,5893,901,6,1816,3287,916,1137,2790
Barhl1_DBD_TCAGTC20NCG_AC_NNTAATTGNN_1_2_short.pfm	1214,1127,590,6265,6265,3241,1881,1763,1136,985;1623,2159,41,0,0,418,2017,337,2053,1760;2123,1121,0,53,39,1950,1937,6265,1839,1195;1304,1858,6265,181,3,6265,6265,677,1236,2325
Barhl1_DBD_TCAGTC20NCG_AC_TAAWYGNNNNTAAWYG_1_3_short.pfm	189,4146,4146,1996,451,721,639,421,737,764,183,4146,4146,2151,336,847;26,9,3,76,1754,83,1316,1374,1316,1519,28,0,0,60,1897,102;1,32,32,475,403,4146,1264,495,1533,542,2,29,5,495,389,4146;4146,325,7,2150,2392,325,927,1855,560,1320,4146,434,5,1995,2249,382
BARX1_DBD_TATTCG20NCTG_AC_CNATTAAAWANCNATTA_2_3_short.pfm	420,734,1696,7,7,1841,1720,1668,885,1662,587,290,628,1716,4,24,1860;1863,696,305,9,66,8,115,194,67,189,619,2124,520,396,4,74,13;245,540,235,4,6,16,148,165,102,297,559,259,1026,191,0,5,36;735,186,134,2200,2166,71,416,572,1033,454,395,293,74,213,2101,2097,157
BCL6B_DBD_TGCGGG20NGA_AC_TGCTTTCTAGGAATTMM_2_4_short.pfm	0,3,0,0,0,0,0,0,280,0,0,289,290,0,0,113,183;19,0,367,0,0,0,384,12,0,0,0,0,0,2,16,243,146;0,186,0,0,0,2,0,34,0,173,171,2,0,0,0,9,7;207,1,2,212,213,212,0,214,0,0,0,0,0,215,211,0,0
BHLHB3_full_TCAAAA20NCG_AD_NKCACGTGMN_1_2_short.pfm	4564,1300,43,20724,0,130,199,0,10558,2833;6627,342,20724,156,20724,36,279,30,10166,11473;6855,10753,0,86,7,20724,86,20724,84,2682;2678,9971,0,109,41,0,20724,51,417,3736
Cebpb_DBD_TCCTAA20NATC_Z_NTTRCGCAAY_1_2_short.pfm	4826,6,15,4352,193,1016,1271,9138,9138,36;1613,30,18,12,9138,88,9138,82,11,3180;2490,15,642,4786,52,9138,10,13,12,321;208,9138,9138,629,910,125,801,0,16,5958
CENPB_Full_TGCTGT20NGTC_AD_CCCGCNTNNNRCGAA_1_3_short.pfm	685,100,2,173,12,2209,297,1706,1293,2168,3686,284,872,5580,5580;5580,5580,5580,186,5580,629,433,1638,1767,822,694,5580,85,582,286;3,4,1,5580,1423,1147,0,1157,1479,760,1893,11,5580,61,59;734,144,14,210,2557,1595,5580,1079,1041,1830,597,100,0,1903,201
CLOCK_DBD_TGAGAT20NAGA_Z_NACACGTGTN_1_3_short.pfm	226,429,11,429,16,40,3,0,1,89;35,85,429,5,429,0,5,3,152,128;93,89,2,15,0,429,5,429,110,39;75,13,2,0,28,0,429,9,429,174
CREB3_full_TAGAAC20NCG_AD_NTGCCACGTCAYCN_2_4_short.pfm	79,32,20,92,7,305,0,3,1,10,300,7,65,119;78,78,0,207,241,0,245,0,1,245,2,115,210,50;107,75,390,2,16,0,0,447,0,8,12,28,35,98;50,284,129,20,7,1,0,2,376,4,6,161,59,43
CREB3L1_DBD_TAAACA20NCAA_Y_TGCCACGTGGCA_2_4_short.pfm	368,231,566,174,2700,1,2,5,297,228,340,2367;786,131,3233,3292,0,3361,4,14,202,84,3358,531;516,3953,42,158,13,1,4275,6,3788,3786,143,785;3474,295,107,255,8,7,1,4119,312,755,343,428
CTCF__TAGCGA20NGCT_AJ_NGCGCCMYCTAGYGGTN_2_4_short.pfm	5423,2600,0,64,641,46,5823,87,0,37,10566,90,183,2,406,2660,4213;546,371,8052,0,9591,10107,5201,7091,8872,49,290,1616,5157,0,114,4936,3590;1733,11366,0,12480,8,0,207,0,1,23,1625,9828,0,8472,7463,143,2456;4208,632,505,86,46,0,241,3888,0,14151,1355,764,7952,121,2221,9766,1302
CUX1_DBD_TAGCAG40NACT_AI_ATCRATNNNNNATCRAT_1_3_short.pfm	18540,327,448,5977,18540,1598,7788,7150,4224,3402,6466,18540,245,353,7775,18540,1425;217,549,18540,268,196,565,4732,5224,6088,3307,1417,217,338,18540,308,198,414;645,252,307,12562,221,195,2182,3370,4885,3606,6842,639,184,235,10764,246,165;948,18540,1083,219,332,18540,3837,2796,3344,8224,3814,793,18540,371,196,478,18540
CUX1_DBD_TAGCAG40NACT_AI_ATCRATNNNNNNATCRAT_1_3_short.pfm	15138,262,395,4465,15138,1235,5584,6339,3781,3599,3168,5521,15138,209,237,6338,15138,1203;139,380,15138,172,125,487,4483,3897,4679,4805,2399,1022,156,345,15138,242,188,307;384,170,271,10673,190,159,1547,2393,4113,3851,2939,5784,461,182,184,8801,251,150;888,15138,1086,115,283,15138,3525,2510,2566,2884,6633,2812,612,15138,492,184,423,15138
CUX1_DBD_TAGCAG40NACT_AI_TAATCRATAN_1_3_short.pfm	4099,25659,25659,71,51,9580,25659,150,25659,8168;4649,3296,109,294,25659,264,45,95,9420,7633;2401,15550,192,77,53,16079,85,29,7560,3958;25659,7605,167,25659,595,130,231,25659,7079,5900
Dlx1_DBD_TGAGAT20NCG_P_NYAATTAN_1_2_short.pfm	2349,550,9397,9397,1,285,9397,2499;2754,5131,788,522,49,725,144,2830;2631,113,533,105,24,278,79,1758;1663,4266,665,236,9397,9397,702,2311
DLX5_FL_AGGGC14N_S_NYAATTAN_1_3_short.pfm	1082,318,4235,4235,155,286,4235,1094;1126,1997,332,224,124,129,53,1117;1181,51,142,141,130,201,45,730;846,2238,342,235,4235,4235,303,1293
DUXA_DBD_TTCACA20NTA_AF_NTRAYNTAATCAN_1_2_short.pfm	224,241,655,1014,136,12,23,1014,1014,0,0,1014,364;313,285,5,6,394,392,344,56,7,1,1014,29,178;194,111,359,11,125,193,116,47,10,5,3,52,283;283,1014,12,5,620,417,1014,22,7,1014,108,92,189
E2F3_DBD_TTACAT20NACA_AF_NNAAATGGCGCCAAAANN_2_4_short.pfm	14836,19063,21577,22031,20106,4901,501,5,10,21,7,10,21554,21631,21677,20878,6227,3794;2518,374,44,43,30,63,5049,11,24105,18,23427,23428,282,23,9,56,6249,5728;4831,3719,75,53,854,10400,34974,35721,0,36551,0,406,0,51,24,47,3615,9709;2338,450,1831,3968,5368,21178,1726,0,15,6,0,21,239,848,968,2485,9645,8492
E2F7_DBD_TCACAC20NACA_Y_TTTTCCCGCCAAAW_2_4_short.pfm	222,38,0,0,0,0,0,2,0,0,912,930,859,608;72,7,3,1,960,961,965,1,986,977,0,1,2,2;182,18,0,0,2,10,0,995,0,17,0,3,0,2;577,891,963,957,0,0,0,0,0,1,5,6,43,292
E2F8_DBD_GGCTT14N_U_TTTCCCGCCAAA_2_4_short.pfm	3,0,0,0,0,0,4,0,2,80,83,79;3,3,0,98,96,97,7,96,93,1,0,2;1,0,1,0,0,1,119,0,4,3,0,1;87,90,92,1,3,0,0,1,0,1,0,4
EBF1_full_TATAAG20NCG_AC_NNTCCCNNGGGANN_1_3_short.pfm	1110,257,37,0,3,0,562,777,21,107,6,1544,604,250;115,276,232,1544,1544,1544,391,77,6,8,0,17,586,364;166,334,0,3,4,0,63,208,1544,1544,1544,84,145,81;153,678,1544,1,18,6,529,482,0,0,22,24,209,849
EGR1_DBD_TCTCTT20NGA_Y_NMCGCCCMCGCANN_2_2_short.pfm	478,850,5,275,0,4,0,1039,5,52,16,1340,521,515;462,654,1504,14,1521,1525,1487,547,1530,31,1501,136,464,367;295,60,12,2233,12,0,15,0,0,2542,19,280,234,269;681,90,30,92,19,7,100,6,2,103,64,212,648,775
ELF4_full_FL_TGACTC20NTCA_AG_AACCCGGAAGTR_2_3_short.pfm	598,705,198,17,54,1,0,739,737,43,4,403;109,73,930,990,997,0,0,0,5,18,56,83;160,15,75,105,6,1226,1226,2,2,1207,28,463;192,149,106,1,0,0,2,2,4,6,979,113
ELK1_full_FL_TGAGTG20NTGA_AG_NACTTCCGSCGGAARMN_2_3_short.pfm	680,2650,5,237,1,1,0,8,4,31,15,8,2887,2844,896,293,848;1305,92,3802,0,5,4004,3945,19,1983,4137,22,22,17,38,458,1830,633;748,249,227,18,0,0,0,4152,2130,13,4124,4196,36,17,2683,334,1410;885,28,198,3595,3651,3,2,24,4,73,10,9,8,270,38,2421,674
EMX1_DBD_TCGCAT30NACT_AI_YMATTARYTAATKR_1_3_short.pfm	186,1120,1591,12,88,1591,728,156,192,1591,1591,106,203,1112;629,471,73,40,91,15,288,1039,46,13,13,44,115,63;84,100,28,23,30,34,863,228,33,65,23,76,572,479;962,135,69,1591,1591,116,104,552,1591,42,8,1591,1019,129
EN1_DBD_TGTAGG20NGA_Y_TAATTRSNYAATTA_2_3_short.pfm	58,1060,1101,30,75,517,50,138,24,993,1112,11,108,1072;27,15,6,16,38,9,450,365,672,103,45,14,91,28;19,113,8,46,147,791,745,184,26,76,13,13,11,49;1258,44,12,1276,1158,23,33,394,429,80,56,1263,1203,98
EOMES_DBD_TGTAAA30NAAG_AI_NAGGTGTGAAAWN_1_3_short.pfm	4526,9832,1775,23,19,9,495,210,9832,9832,9832,5649,2501;911,158,1004,92,600,8,1540,550,28,1956,4337,1960,2577;2274,1259,9832,9832,50,9832,98,9832,99,1022,2941,1966,1954;2122,653,1305,94,9832,3,9832,980,24,3351,3781,4183,2800
EOMES_DBD_TGTAAA30NAAG_AI_TCACACCTNNNNAGGTGTGA_2_3_short.pfm	103,980,2071,1,2155,88,540,425,720,588,661,977,2078,730,75,26,5,303,190,2257;154,2147,39,2467,28,2419,2160,674,476,769,552,249,165,709,139,730,13,778,377,30;67,615,566,6,344,99,628,203,449,672,711,814,547,2631,3026,73,3029,81,2839,130;2950,177,198,18,2,41,633,2723,1002,624,744,576,366,714,128,2682,3,2783,658,56
ERG_DBD_TCTACA20NCAG_AG_NCCGGAWATCCGGN_1_3_short.pfm	2846,1236,915,1,3,4878,2976,4878,6,18,25,10,435,1152;420,4878,4878,1,0,2,370,2,10,4878,4878,57,1194,977;952,878,13,4878,4878,2,1,503,5,18,11,4878,4878,396;660,184,1,1,0,2,1901,68,4878,2,2,884,1027,2353
ESR1_DBD_TAGAGT20NCG_W_NAGGTCAMSRTGACCTN_2_4_short.pfm	232,402,0,2,0,1,471,108,127,235,0,2,491,0,15,0,35;65,6,0,0,0,452,0,338,223,88,23,0,1,460,455,143,68;101,206,623,638,3,0,30,53,340,284,1,632,1,2,0,7,209;88,0,34,0,549,2,0,23,65,13,510,0,0,0,0,502,204
Esrra_DBD_TAGCTC20NCG_AC_RAGGTCANTCAAGGTCA_2_4_short.pfm	222,728,0,0,160,0,788,4,5,220,779,778,0,6,5,0,792;0,0,0,3,0,782,0,96,128,709,0,0,0,0,1,876,21;231,25,862,850,6,45,115,365,21,66,0,5,880,879,0,4,64;314,0,2,18,785,408,0,347,773,0,0,0,3,0,779,126,0
Esrra_DBD_TAGCTC20NCG_AC_TTCAAGGTCAN_1_4_short.pfm	110,131,33,4775,4775,1,0,6,0,4775,739;696,339,4775,0,0,3,2,11,4775,6,350;1482,57,404,4,4,4775,4775,52,211,293,55;4775,4775,4,0,0,9,3,4775,42,2,3630
ESRRA_DBD_TGACGA30NGCA_AI_RAGGTCANTCAAGGTCA_2_4_short.pfm	5090,5450,110,16,247,41,4930,1255,1532,373,5566,5621,9,1,311,6,5553;40,59,181,36,51,6144,44,706,1661,6006,5,9,3,3,16,6079,18;400,117,5849,5800,646,123,1441,416,854,895,91,25,5673,5709,584,122,517;77,40,146,31,4771,572,362,2928,3565,304,17,1,158,30,4952,556,40
ESRRA_DBD_TGACGA30NGCA_AI_SAAGGTCANNTSAAGGTCA_2_4_short.pfm	2551,20301,21186,310,64,1504,33,19833,6121,6302,1602,1442,20884,21772,167,57,1822,32,20894;15116,97,96,90,44,145,23593,156,6691,5663,8111,13760,57,123,21,84,93,23628,89;7045,2332,564,22192,23030,1919,1403,4643,2236,3200,3149,9401,1526,332,21822,22617,2518,735,5241;1124,620,12,1395,30,20065,1990,375,7452,7019,16183,826,768,10,1169,42,19605,2726,231
ETS1_DBD_TGTACC30NCAG_AI_NCCGGAWRYRYWTCCGGN_1_3_short.pfm	2027,526,976,1,1,3066,1952,960,32,1820,30,1619,106,20,10,15,176,459;290,3066,3066,1,2,8,149,54,1178,113,2287,24,18,3066,3066,78,1286,687;568,700,47,3066,3066,10,10,2107,130,1246,92,104,33,14,10,3066,3066,305;182,43,2,1,0,5,1115,13,1889,31,780,1447,3066,8,6,826,746,1615
ETV6_full_TGAGTG20NGA_AF_CCGGAASCGGAAGTN_2_3_short.pfm	496,758,39,133,3611,3599,346,110,15,2,3644,3668,300,15,1076;3347,4186,78,121,12,72,1320,4209,1,1,3,10,51,1151,360;875,274,2663,2682,22,34,1640,11,2656,2657,69,6,2565,56,1413;373,189,61,43,44,18,2,303,1,0,7,7,4,2360,245
FOXB1_DBD_TGAGCA30NCGA_AI_GAATGACACRGCGN_2_3_short.pfm	143,500,524,0,27,533,17,540,4,350,101,104,106,351;88,53,4,13,0,12,682,2,675,47,18,603,61,123;704,63,18,5,849,10,0,14,11,258,791,91,705,87;147,41,25,786,11,5,79,0,5,34,29,58,191,60
FOXB1_DBD_TGAGCA30NCGA_AI_WRWGTMAAYAN_1_3_short.pfm	2393,5343,1983,1159,180,4891,6841,6841,28,6841,1704;272,263,218,54,240,1950,213,47,2252,0,573;190,1498,409,6841,113,75,0,47,104,157,556;4448,561,4858,124,6841,73,381,216,4589,147,4008
FOXB1_full_TCTGGT20NGGG_AE_WGTAAAYAN_1_4_short.pfm	199,26,0,667,667,667,21,667,249;0,17,7,89,36,9,428,4,97;44,667,4,19,21,21,13,0,121;468,2,667,5,16,4,240,19,201
Foxc1_DBD_CCCCT14N_T_GTAAAYAAACA_2_4_short.pfm	738,184,1232,1268,1312,3,1301,1303,1319,42,1328;61,165,141,30,1,628,2,0,25,1337,30;1592,30,7,6,25,1,1,0,26,15,40;51,1496,19,13,0,881,3,2,19,220,7
Foxc1_DBD_CCCCT14N_T_RTAAAYA_1_4_short.pfm	601,46,990,990,990,7,990;15,150,195,21,6,765,0;389,0,26,41,0,0,6;0,990,5,38,18,224,0
FOXC1_DBD_TGAGGC30NGGA_AI_NRTMAATATTKAYN_2_3_short.pfm	5830,5978,4832,9518,14437,14440,0,14082,326,200,1808,13352,294,7841;2784,1208,2830,7470,115,99,1791,74,110,102,44,480,14403,2384;3525,12734,867,54,118,142,48,1275,154,230,11094,1774,1460,2791;6645,218,15996,3153,103,132,20151,11,20638,20680,10283,3719,6878,4932
Foxg1_DBD_TATCTG20NTCG_AF_ATAAACAAGTRTAAACA_2_4_short.pfm	2936,0,2975,2966,2851,4,2968,2992,2114,182,639,0,3065,3124,3131,0,3063;26,91,0,0,0,4104,0,0,1276,161,0,6,1673,0,6,4194,6;529,7,0,7,0,0,0,0,3783,132,3925,0,0,0,0,0,6;7,4689,0,0,7,59,0,924,92,4627,0,4633,0,0,0,73,0
Foxg1_DBD_TATCTG20NTCG_AF_NMGGACACAATC_2_4_short.pfm	54,51,0,0,147,9,154,0,154,138,12,6;119,124,0,1,0,220,7,219,12,23,6,176;20,8,275,280,0,2,2,0,9,14,17,15;5,45,2,3,13,7,0,3,7,5,241,48
FOXG1_DBD_TGGTTC20NGA_AA_ATAAACAANWGTAAACA_2_4_short.pfm	233,3,248,248,248,0,248,249,14,129,19,2,253,253,253,0,262;0,9,5,0,0,186,0,0,33,2,0,0,0,0,0,196,1;169,0,0,0,0,0,0,2,23,112,447,0,0,0,0,0,0;2,308,0,0,2,4,0,0,224,151,0,311,0,0,0,0,1
FOXI1_full_TCGGAA20NGA_AF_NTGTTTACRGTAAAYAN_2_4_short.pfm	1781,45,378,0,59,7,2838,6,915,68,549,2911,2912,2833,19,2767,2422;113,4,8,25,0,0,11,2414,2,80,13,471,31,0,2439,115,166;1043,0,5248,0,1201,859,0,7,3453,4809,11,0,0,37,3,5,99;161,3310,0,3508,2671,3412,11,49,0,98,3519,0,8,81,34,40,265
FOXJ2_DBD_TGACGA20NGA_W_RTAAACAATAAAYA_2_3_short.pfm	1450,447,4130,4328,4383,28,4410,3690,1228,3649,4377,4435,411,4512;154,200,557,52,16,4041,4,31,164,1806,149,356,3979,25;5450,61,3,6,8,4,8,1926,40,87,56,73,20,68;16,6373,117,67,18,519,14,25,6354,250,43,107,299,46
FOXJ2_DBD_TGACGA20NGA_W_RTAAACAWMAACA_2_3_short.pfm	3291,725,9548,9788,9848,145,9888,4312,6039,9568,9926,1388,10064;277,897,530,217,88,8538,26,238,2998,789,328,8951,241;12429,125,46,131,57,56,327,135,98,219,363,181,356;60,14145,681,578,105,1656,9,7924,1395,1336,130,1143,246
FOXK1_DBD_GACAG14N_S_CGGACACAAT_2_4_short.pfm	49,47,6,3046,0,3126,0,3248,3306,133;3958,34,67,0,4193,0,3344,15,0,11;97,5536,5202,3,0,2,23,23,6,219;53,0,178,0,0,0,33,40,35,3772
FOXO1_DBD_TTCAGC20NTA_AF_GTAAACATGTTTAC_2_3_short.pfm	155,44,283,303,312,0,311,3,18,0,1,0,310,2;11,5,56,8,1,269,1,1,0,0,1,0,5,279;338,3,0,0,0,1,2,0,535,0,7,61,12,0;1,404,0,1,1,16,4,428,1,426,426,416,12,35
FOXO1_DBD_TTCAGC20NTA_AF_TTTCCCCACACG_2_3_short.pfm	112,117,30,8,11,0,8,557,2,554,48,237;101,38,62,482,484,486,487,8,491,24,479,140;138,36,40,6,3,3,6,6,0,5,42,646;685,742,763,20,11,4,9,9,1,0,51,156
GABPA_full_FL_TGGCCC20NCCT_AG_ACCGGAAGTN_1_4_short.pfm	386,13,15,0,0,386,386,74,6,156;96,386,386,0,2,2,1,16,65,27;138,17,0,386,386,0,14,386,19,132;30,3,1,0,4,0,92,0,386,70
GATA3_DBD_TGTCGT20NGA_AC_AGATAANN_1_2_short.pfm	943,0,943,0,943,943,136,350;433,0,0,0,66,176,284,198;143,943,0,0,47,253,427,292;494,0,0,943,158,157,96,103
GCM1_DBD_TGAGCA20NCGA_Y_NATGCGGGTA_1_4_short.pfm	322,2590,6,442,107,94,0,2,30,2590;879,99,3,26,2590,4,0,1,491,492;623,413,11,2590,127,2590,2590,2590,15,915;766,57,2590,2,100,478,1,0,2590,568
GCM1_full_TCCAGT20NGAC_AE_ATGCGGGYRCCCGCAT_2_4_short.pfm	1748,97,1386,479,328,8,2,1,1364,29,10,1417,164,37,2072,1036;319,401,97,2161,40,6,19,703,12,2162,2133,2000,154,2202,311,1222;693,112,1572,150,2172,2684,2676,54,955,34,20,39,2699,93,49,1051;99,3033,20,639,1512,42,4,2013,8,4,13,477,701,864,243,2423
GLI2_DBD_TAAGTA40NTGA_AI_GACCACMCACNNNG_1_3_short.pfm	493,8874,366,20,8874,27,2879,951,8874,3084,2751,3073,2434,1913;514,2471,8874,8874,1040,8874,5995,8874,201,8874,1627,1286,3219,3195;8874,1540,16,25,642,17,41,177,1575,2189,3679,2058,1040,8874;1138,16,79,26,1034,2,13,1193,267,2103,818,2457,2181,2154
GLI2_DBD_TAAGTA40NTGA_AI_GCGACCACNCTG_1_3_short.pfm	348,128,16,1437,6,0,1437,5,709,314,671,843;184,1437,10,148,1437,1437,21,1437,386,1437,117,221;1437,116,1437,29,6,8,6,9,233,92,215,1437;203,83,36,15,8,4,14,5,109,137,1437,308
GLIS1_DBD_TTCGGT20NGA_R_NGACCCCCCACGANGN_2_4_short.pfm	3236,3,6314,0,4,0,3,0,6,6781,0,7,5759,2846,7,857;1842,44,0,4807,4769,4796,4817,4702,4505,3,4549,0,4,1340,5,3054;100,8617,6,2,2,11,5,0,5,160,0,10081,32,0,9572,1344;891,1016,8,0,3,0,2,7,2,6,0,51,2024,2786,24,1029
GLIS2_DBD_TACTAT20NATC_Y_GACCCCCCGCGNNG_2_3_short.pfm	74,813,3,4,7,2,56,52,412,3,459,484,407,15;179,94,1072,1074,1074,1087,1061,1056,12,1080,36,16,265,187;929,130,3,0,0,0,0,1,915,28,909,234,112,1051;439,1,5,1,14,0,4,99,50,69,64,228,197,63
GMEB2_DBD_TGGATG20NGA_O_WRCGTAACCACGYN_1_4_short.pfm	551,716,3,1,0,1042,1042,166,15,1042,0,0,1,698;7,0,1042,0,33,26,53,1042,1042,4,1042,57,176,0;85,325,1,1042,0,356,5,351,11,31,0,1042,1,4;490,1,0,1,1042,1,22,49,139,2,0,1,866,339
GMEB2_DBD_TGGATG20NGA_O_YACGTAACNKACGTA_3_4_short.pfm	415,4457,8,3,553,4337,4100,697,301,122,4375,41,16,163,4570;1372,73,4661,28,530,293,870,3781,954,1368,56,4637,52,1540,353;511,456,9,4663,24,412,504,587,1028,2123,552,192,4670,123,359;2903,60,6,100,4190,383,117,580,2388,1512,121,13,102,3504,166
GRHL1_DBD_TCCAAC20NTA_Q_AACCGGWNNNWCCGGTT_2_3_short.pfm	2101,2238,0,157,555,26,763,520,565,1455,1776,2,492,678,0,389,201;142,99,1828,1824,402,24,274,675,451,164,67,1774,1728,137,91,130,581;950,160,122,237,2797,3717,103,137,406,390,199,0,263,3549,3812,53,171;464,239,5,599,927,0,2296,1226,1376,637,750,1,344,368,4,3316,2896
GRHL1_DBD_TCCAAC20NTA_Q_NAACCGGTTN_1_3_short.pfm	8451,15112,15112,8,1223,1735,3,1498,827,2249;1887,288,77,15112,15112,541,0,336,2961,4766;2358,1444,215,0,161,15112,15112,60,124,1135;2416,960,662,6,771,1291,5,15112,15112,6962
Hic1_DBD_TCATCA20NCTA_Z_RTGCCANCYNRTGCCMNC_2_4_short.pfm	1126,1,134,0,6,2332,952,53,194,185,1609,0,137,0,2,2022,1251,89;155,12,7,2889,2835,290,767,2770,1851,965,35,12,12,2887,2845,524,602,2612;1647,14,3160,29,1,9,1140,100,247,591,1210,5,3180,49,40,9,694,80;140,3293,2,1,1,109,107,116,878,1364,55,3342,1,6,1,70,336,219
Hic1_DBD_TCATCA20NCTA_Z_RTGCCMNCN_1_4_short.pfm	6337,62,950,50,88,9008,6140,1220,1610;719,422,588,11007,11007,1999,1986,11007,4822;4670,73,11007,121,31,3,2267,1629,1884;666,11007,183,0,68,317,614,1488,2692
HIC2_DBD_TGAGCA20NGA_AC_RTGCCMNNN_1_4_short.pfm	2606,0,494,23,435,1466,2493,770,760;394,117,354,4891,4891,3425,710,2200,1732;2285,0,4891,14,0,0,1290,1237,1001;367,4891,151,0,59,0,399,684,1398
HINFP1_full_TCAAGG20NGAA_W_CAACGTCCGCNN_2_3_short.pfm	23,285,276,1,0,0,0,0,0,1,85,77;340,131,45,388,14,0,404,413,31,395,55,84;106,113,217,97,484,0,13,0,472,15,188,154;100,53,17,7,10,470,0,3,21,12,97,107
HINFP1_full_TCAAGG20NGAA_W_GCGGACSNNNNNNSGTCCGC_2_4_short.pfm	54,0,0,0,1875,0,0,13,179,231,21,1389,1069,0,0,8,0,2,0,3;2,2068,0,0,1,1968,293,723,804,620,1524,28,324,1657,0,1,1703,1798,4,1789;2995,0,2000,2601,0,2,2261,321,296,1502,109,425,595,318,2116,5,0,0,2032,13;22,0,0,8,5,0,11,1361,1162,23,525,75,14,0,2,2272,0,0,2,17
HINFP1_full_TCAAGG20NGAA_W_GCGGACSNNSNNSGTCCGC_2_4_short.pfm	133,6,0,1,2541,0,0,103,130,30,1483,1459,6,0,0,4,0,1,10;34,2779,0,17,14,2634,934,758,503,1528,498,277,2182,0,8,2415,2373,2,2558;2939,0,3293,3783,0,2,2369,670,816,1438,464,931,533,2938,24,0,0,2926,34;0,3,0,23,0,2,3,1851,2031,95,230,41,0,0,3192,0,2,0,3
HMBOX1_DBD_TCCTGG20NCG_Z_NYTAGTTAMN_1_4_short.pfm	487,122,75,1231,2,26,237,1231,753,202;449,683,25,0,51,1,50,4,478,542;194,186,63,367,1231,5,8,17,130,370;101,547,1231,44,5,1231,1231,102,140,117
HNF1A_full_TGAGCA20NCGA_W_NRTTAATNATTAACN_1_2_short.pfm	5209,6981,376,2914,14149,14149,1274,3340,14149,711,42,14149,14149,1488,3972;2441,415,1060,2170,3,633,423,3750,9,13,228,237,695,14149,3427;3490,7168,903,544,246,8,7,4540,339,845,4,1337,1095,655,2275;3009,636,14149,14149,14,364,14149,2518,651,14149,14149,1638,174,914,4475
HNF4A_DBD_TGACAG20NGA_AF_NRGTCCAAAGTCCANY_1_4_short.pfm	266,752,20,4,213,40,1355,1355,1355,0,0,85,3,1355,449,53;418,39,2,2,1355,1355,0,0,0,0,0,1355,1355,30,204,934;562,602,1355,18,399,6,42,14,50,1355,2,172,0,183,64,0;109,16,72,1355,171,95,6,16,0,0,1355,383,42,236,637,421
HNF4A_full_TCCGTG40NTGC_AI_RRGGTCAAAGGTCA_1_3_short.pfm	3446,3332,7,420,85,10,11161,11161,11161,1,19,12,15,11161;1525,52,13,51,104,11161,10,19,9,20,27,95,11161,44;7715,7829,11161,11161,1377,9,54,14,55,11161,11161,97,19,3016;629,31,17,2416,11161,90,6,19,6,8,4326,11161,121,22
HNF4A_full_TCCGTG40NTGC_AI_RRGGTCAAAGTCCRNN_1_3_short.pfm	14045,13892,34,3197,869,39,36388,36388,36388,40,37,494,50,30205,12371,8592;7433,428,38,245,1228,36388,26,33,42,43,62,36388,36388,181,9751,9136;22343,22496,36388,36388,8136,55,556,79,540,36388,95,305,45,6184,4817,7397;3351,216,45,9533,36388,807,16,67,34,21,36388,4452,525,517,9450,11263
HOMEZ_DBD_TCGATC20NTAT_Y_NAAACGATNNAN_1_4_short.pfm	914,1492,1492,1492,39,23,1492,297,177,1009,1492,850;172,28,18,71,1492,28,0,22,105,41,357,211;189,73,55,4,8,1492,9,101,168,57,197,74;216,226,176,190,0,63,9,1492,1041,384,2166,357
Hoxc10_DBD_TATAGA20NGAG_Z_GTCGTWAAAN_1_4_short.pfm	298,6,78,791,0,576,788,788,788,371;167,29,788,0,0,10,0,27,100,160;788,0,12,788,1,4,0,0,60,50;0,788,53,0,788,212,22,23,157,207
HOXC12_DBD_TCATGC20NGTA_Y_GYAATAAAA_1_4_short.pfm	942,36,3459,3459,456,3459,3459,3459,3459;610,1352,555,46,0,46,3,40,381;3459,12,512,309,2,29,2,6,247;190,2106,118,57,3459,551,81,48,354
HOXC13_DBD_TCCCTC20NTCC_Y_NCTCGTAAAAN_1_3_short.pfm	165,44,4,26,251,0,1257,1257,1257,1257,389;288,1257,21,1257,4,0,1,4,0,173,358;495,58,5,10,1257,5,2,2,0,89,147;309,13,1257,132,4,1257,165,8,1,205,362
HOXD13_DBD_GTGCT14N_U_CYAATAAAAN_1_4_short.pfm	50,12,688,688,0,688,688,688,688,243;688,403,347,0,1,0,3,1,75,207;294,4,0,27,0,0,0,0,34,73;55,285,94,29,688,110,4,0,56,165
HSF1_DBD_TATAGA20NGAG_Y_TTCTAGAANNTTC_1_3_short.pfm	764,331,58,80,3716,1,3716,3716,392,1062,533,371,248;263,74,3716,1617,1592,7,226,115,1621,665,208,205,3716;348,373,71,1446,1617,3716,30,103,617,1421,237,288,252;3716,3716,12,3716,50,3,195,350,1086,568,3716,3716,208
HSFY2_DBD_TCAGAG20NAGA_Y_TTCGAANNNTTCGAA_1_3_short.pfm	102,58,42,1,266,266,92,70,106,124,18,43,0,266,266;40,7,266,25,18,17,80,106,32,32,14,266,57,25,36;32,15,26,266,2,11,35,62,112,26,5,14,266,8,29;266,266,2,50,9,83,59,27,15,266,266,1,59,18,88
HSFY2_DBD_TCAGAG20NAGA_Y_WTTCGAAYG_1_3_short.pfm	1877,2499,185,1236,0,5948,5948,10,751;906,105,158,5948,0,7,35,4409,989;792,593,87,794,5948,7,184,95,5948;4071,5948,5948,13,27,57,192,1539,774
ID4_DBD_CTACA14N_U_NRCACCTGNN_1_4_short.pfm	311,816,0,1500,0,25,73,51,61,324;284,93,1500,0,1500,1500,0,36,506,605;376,684,0,5,125,56,0,1500,314,236;529,44,0,0,0,6,1500,0,618,334
IRF3_full_TCCTAA40NATC_AI_NNRRAAAGGAAACCGAAACTN_2_3_short.pfm	4596,3597,8451,12887,18311,19157,14210,288,154,19385,19350,19428,423,711,394,19322,19386,19410,569,4482,8274;6118,7115,700,17,83,214,14600,7338,14,15,15,22,18363,18316,8,137,51,84,17758,12661,2072;7839,9273,14773,9047,3484,193,5575,26852,27999,55,59,43,1150,3396,27995,83,36,56,3274,4797,10606;4120,2952,2099,629,2153,377,6865,3058,19,10,54,324,864,2348,8,26,486,787,516,20225,2389
IRF4_full_TCAAGG20NCG_AD_NCGAAACCGAAACYN_1_3_short.pfm	10448,364,350,45331,45331,45331,187,27,57,45331,45331,45331,829,1377,25202;18876,45331,66,124,8,6,45331,45331,6,46,11,15,45331,17589,4640;2105,87,45331,91,25,4,593,4,45331,7,23,4,4251,253,5644;13901,5937,31,112,444,8,497,3801,3,5,1002,13,80,27742,9846
IRF5_full_TAACAA20NCG_AD_NACCGAAACYN_1_3_short.pfm	819,1844,388,59,9,1844,1844,1844,38,106,982;439,177,1844,1844,11,0,0,28,1844,973,398;147,158,181,1,1844,4,7,0,93,45,266;440,115,351,34,0,0,219,0,13,871,198
IRF7_DBD_TATCGC20NGCG_AC_NCGAAANYGAAACY_1_3_short.pfm	373,97,36,957,957,957,279,8,30,957,957,957,1184,160;323,957,67,3,0,2,156,582,3,16,3,10,957,153;71,50,957,1,0,1,505,2,957,4,3,7,1235,31;191,46,90,0,1,1,17,375,7,5,1,41,301,804
IRF7_DBD_TATCGC20NGCG_AC_RAANCGAAAWTCGNTTY_1_3_short.pfm	5101,8486,8486,2837,1149,428,8486,8486,8486,5166,17,90,678,2643,1306,1269,1224;1260,119,983,2007,8486,3,1,4,2,839,162,8486,710,1785,507,816,3423;3384,721,444,1444,808,8486,23,3,3,14,55,9,8486,1850,758,161,1139;852,1129,1416,2198,411,12,1,77,44,3320,8486,263,612,2208,8486,8486,5063
IRX2_DBD_TGCATC30NTAC_AI_NWACAYRACAWN_1_4_short.pfm	3039,7636,15883,652,15883,1435,4765,15883,1503,15883,6986,2507;3010,697,368,15883,309,5994,392,600,15883,860,4241,3436;4859,3158,888,365,769,462,11118,1067,687,1633,1051,7695;4975,8247,375,472,296,9889,2113,1390,1926,2011,8897,2245
Irx3_DBD_TACTGC20NCG_Z_NWACATGAMAWN_1_4_short.pfm	15,330,855,0,855,50,152,855,348,855,588,563;462,7,0,855,0,205,9,22,507,37,100,35;23,133,3,0,0,8,855,40,19,10,19,19;356,524,1,5,0,855,29,105,69,53,267,237
ISL2_DBD_TCTAAT30NAAG_AI_GCACTTAA_1_4_short.pfm	1585,160,5631,3161,218,278,5631,5631;2616,5631,162,5631,130,718,206,1231;5631,126,134,171,169,13,59,3258;1102,1019,248,398,5631,5631,1354,1508
ISX_DBD_TATTTA20NCG_Y_NTAATYTAATTAN_1_3_short.pfm	687,131,4323,4323,351,28,22,4323,4323,0,10,4323,1653;1148,65,38,121,557,2948,684,19,16,16,4,6,739;735,61,136,170,376,275,317,23,7,2,11,77,1269;1752,4323,296,32,4323,1375,4323,10,2,4323,4323,86,662
Jdp2_DBD_TATCTG20NCG_Z_ATGASTCAT_1_3_short.pfm	336,0,1,336,0,0,1,336,2;2,0,0,0,233,0,336,0,34;15,0,336,0,103,0,0,0,5;0,336,2,0,1,336,0,0,336
Klf12_DBD_TGATGG20NGA_Z_GRCCACGCCCWNNNN_2_4_short.pfm	167,553,19,5,853,9,215,0,0,0,410,238,308,238,271;35,11,668,670,27,675,1,687,706,715,120,219,239,186,210;1158,531,8,12,2,0,1348,0,9,0,0,99,84,117,141;225,0,9,3,0,4,16,4,13,13,483,403,290,429,330
KLF13_full_TGGACA20NGA_AE_NNGNNACGCCCMYTTTNN_2_4_short.pfm	1508,733,1891,496,75,2384,0,24,0,4,1,509,3,156,247,735,404,285;248,46,0,923,924,0,1353,2,1596,1469,1760,1766,638,350,235,554,176,221;915,796,4630,58,2,11,7,3028,0,0,0,0,3,54,270,841,483,1226;590,1766,59,102,61,0,3,9,7,0,16,10,1403,2040,2968,2247,1672,560
KLF16_DBD_TTGATT20NTA_AF_GCCMCGCCCMC_1_4_short.pfm	666,901,62,1150,66,497,8,2,16,437,32;535,1612,1612,461,1612,173,1612,1612,1612,1175,1612;1612,77,6,32,17,1612,0,8,3,19,23;240,116,45,0,19,403,0,0,97,40,370
LBX2_DBD_TAATTC20NTTA_Y_AATTGGCCAATTA_2_4_short.pfm	9,11,8,69,100,28,1,4,8,9,0,0,8;26,16,20,4,8,40,18,20,1,0,2,3,0;11,25,17,128,11,21,12,10,4,3,3,4,1;3,125,10,15,5,30,4,58,1,1,11,15,0
LEF1_DBD_TCCCGA20NGCC_AC_AAAGATCAAAGGRWW_2_4_short.pfm	601,655,697,5,699,9,14,711,709,712,33,197,309,367,366;139,26,7,242,0,3,935,0,0,0,24,184,164,63,95;215,207,34,1053,4,0,49,0,4,13,1068,851,559,88,77;138,63,14,3,15,898,5,4,0,4,0,124,121,372,422
LHX2_DBD_TCCAGT30NGAC_AI_YAATTANNCTAATTR_2_4_short.pfm	1361,52013,55533,1221,1762,51597,22008,17844,6226,3335,55694,56625,596,2045,38656;27893,10100,601,1008,2304,708,22559,16843,68235,3643,1665,326,1296,1391,333;1421,2909,2439,1662,1369,8773,10793,33124,8871,595,1321,711,475,11648,26176;39447,2307,1133,60411,60102,2102,11491,6021,12571,57114,828,399,59072,56331,1209
LHX6_full_0_TCGGGG20NGGT_AF_TAATTAGYRYTRATTA_2_4_short.pfm	15,2564,2661,0,0,2692,264,236,933,57,1,1571,2760,0,15,2167;469,68,5,3,151,4,452,1755,401,1591,40,19,23,54,147,11;5,408,5,21,29,216,3382,343,2213,277,6,1442,3,5,122,844;2675,22,5,2986,2910,0,157,1377,84,1461,2923,11,0,2874,2766,2
LHX6_full_0_TCGGGG20NGGT_AF_YRATTGCAATYR_2_4_short.pfm	25,578,1368,0,0,33,0,1414,1418,0,0,1390;36,14,43,55,54,27,2104,41,65,98,1200,25;21,1503,78,62,79,2595,23,70,124,0,31,12;2024,7,0,2101,2063,9,128,0,10,2023,879,10
Lhx8_DBD_TGCTCG40NCTC_AI_NTAATTAN_1_3_short.pfm	472,0,5092,5092,0,0,5092,1366;2588,1996,160,0,0,2083,0,1156;925,0,1670,0,0,88,1929,2156;1108,5092,0,0,5092,5092,0,414
LHX9_DBD_TATTGT20NGTG_Y_TAATTRCYAATTA_1_3_short.pfm	42,730,730,22,143,214,147,11,730,730,0,10,730;9,5,14,67,86,6,730,379,171,26,14,26,4;6,21,21,60,192,516,0,3,21,25,3,6,21;730,29,14,730,730,11,76,351,107,12,730,730,34
LMX1B_DBD_TGAGGC20NGGA_Z_NYAATTAN_1_2_short.pfm	866,537,4101,4101,314,1349,4101,2104;965,1414,306,60,11,410,94,662;982,168,329,43,45,417,20,809;1287,2687,448,182,4101,4101,489,525
Mafb_DBD_TCGTTA20NTTT_AA_NNNNTGCTGACN_1_3_short.pfm	1237,1263,1080,744,264,2,295,31,45,2182,182,582;174,121,216,398,618,14,2182,36,13,13,2182,138;326,159,182,429,31,2182,5,2,2182,17,490,646;446,639,704,611,2182,5,7,2182,170,13,273,816
Mafb_DBD_TCGTTA20NTTT_AA_NNTGCTGASTCAGCANN_2_4_short.pfm	2289,1827,591,48,722,1012,555,5462,712,973,1316,5381,326,8,4867,1533,2056;746,1131,1724,64,5046,480,221,553,3026,99,4680,148,25,4797,88,1539,631;813,2081,171,8546,22,292,8073,97,3099,1104,289,726,9071,88,1706,1384,1168;2375,1802,6240,4,148,7100,1236,571,817,7111,424,947,1036,76,607,2325,3128
Mafb_DBD_TCGTTA20NTTT_AA_NNYGCTGACGTMAGCANN_2_4_short.pfm	849,547,107,31,288,156,192,1968,11,324,58,926,1622,131,5,1615,476,651;215,415,627,31,1774,80,70,9,1710,120,169,846,62,17,1741,27,557,200;206,574,36,2496,6,42,2200,37,114,2206,28,47,272,2422,35,172,491,347;686,558,1414,7,28,2157,184,8,298,25,2178,97,296,292,31,213,599,879
MAX_DBD_TGACCT20NGA_Y_CACGTGNNNNNCACGTG_1_3_short.pfm	44,2459,5,198,40,7,331,549,890,994,792,22,2459,2,303,124,4;2459,11,2459,12,134,5,948,779,762,533,802,2459,5,2459,24,185,2;1,55,12,2459,1,2459,720,307,373,537,539,4,59,5,2459,12,2459;2,32,142,1,2459,30,459,822,432,395,326,2,30,109,4,2459,54
MAX_DBD_TGACCT20NGA_Y_NNCACGTGNN_1_2_short.pfm	3307,1915,39,6876,0,329,69,0,1341,1122;1556,2809,6876,0,6876,39,159,27,2450,2225;1295,1514,0,87,7,6876,20,6876,1638,986;719,637,0,38,229,19,6876,36,1446,2543
MEF2A_DBD_TAATAG20NTA_Q_KCTAWAAATAGM_1_3_short.pfm	166,51,0,971,517,971,971,971,0,971,165,603;86,971,9,3,0,2,0,4,2,2,5,368;475,3,0,0,2,0,0,0,0,0,971,41;496,51,971,4,454,155,51,39,971,1,12,95
MEIS1_DBD_TGACCT20NGA_O_NTGACAN_1_6_short.pfm	23727,8690,0,77159,0,77159,17224;18797,5575,1249,2903,77159,0,14864;9714,3174,77159,672,0,9263,29965;24921,77159,0,0,1155,3861,15106
Meis2_DBD_TCAAAA20NTA_P_TGACAGSTGTCA_2_3_short.pfm	225,74,1747,61,1868,116,167,48,120,422,96,1816;168,111,30,1957,11,43,601,122,98,212,1857,180;99,2155,126,33,73,2027,1079,36,2261,102,388,255;2059,54,157,79,11,489,52,2072,93,1770,119,292
MEIS2_DBD_TCGCTG20NGA_AA_TTGACAGS_1_3_short.pfm	408,31,0,1351,9,1351,83,157;264,3,0,3,1351,7,98,701;314,40,1351,25,0,4,1351,650;1351,1351,0,62,5,0,67,88
MEOX2_DBD_TAGTTT30NTTT_AI_NTMATCATCATTAN_1_4_short.pfm	1420,459,4640,8150,42,292,8150,13,2052,8150,82,309,8150,3606;2884,1339,3510,33,27,8150,41,100,8150,12,31,1597,126,918;2659,116,129,76,65,110,52,19,15,160,32,34,243,1677;1186,8150,326,33,8150,1417,7,8150,119,51,8150,8150,386,1949
MGA_DBD_TAGGGC20NGGT_Y_AGGTGTKANNTMACACCT_2_3_short.pfm	1210,194,0,1,1,80,54,1387,564,492,6,530,1379,0,1417,1,26,123;11,121,13,198,1,201,48,2,495,203,2,948,14,1515,1,1551,1319,323;154,1721,2043,2,2100,9,1402,14,167,552,0,18,97,0,90,11,210,22;59,101,1,2022,1,1902,556,2,412,528,2139,48,43,0,0,1,321,1751
MGA_DBD_TAGGGC20NGGT_Y_GGYGTGANNNNTCACRCC_2_3_short.pfm	995,29,38,7,348,65,2381,1835,1622,809,545,74,617,2373,3,2145,14,117;1004,120,859,2,704,383,4,186,100,141,225,87,2364,8,2627,63,2681,2375;2587,3465,29,3589,56,3299,81,297,155,473,424,22,435,431,0,460,66,726;324,27,2623,0,3208,507,64,295,816,1711,2078,3606,79,162,6,2,17,1048
MSC_full_TAGTCC20NCTT_AA_AACAGCTGTT_1_4_short.pfm	69,69,0,69,0,0,0,0,3,0;0,12,69,0,12,69,0,0,10,9;18,3,3,0,69,3,0,69,4,4;7,0,1,0,0,0,69,4,69,69
MSX1_DBD_TGCGAA30NAGC_AI_NYAATTAAAANNYAATTA_2_3_short.pfm	928,290,5087,5281,25,619,5332,4671,4630,4383,2915,970,499,5279,5477,31,249,5548;2206,4305,544,264,25,611,61,1025,1501,1181,722,2506,4627,380,168,29,297,68;2428,144,459,116,21,86,370,1402,1406,1523,840,2311,159,798,105,27,72,486;866,2049,339,55,6965,6442,257,1667,1644,2726,1537,608,1412,156,90,6788,6617,351
MSX1_DBD_TGCGAA30NAGC_AI_NYAATTAN_1_3_short.pfm	2178,461,13289,13289,0,366,13289,4658;5096,9087,396,0,0,427,25,2598;4166,93,380,0,0,224,206,3719;1849,4202,76,0,13289,13289,467,2314
MTF1_DBD_TGATCC20NCTA_Y_TTTGCACACGNCAC_2_4_short.pfm	1,3,1,2,1,53,2,52,0,1,9,0,46,2;0,5,1,1,71,0,69,3,67,0,2,63,10,62;4,10,0,66,0,1,2,1,0,70,42,0,7,1;50,40,53,0,0,1,0,1,0,1,10,8,2,3
MYBL1_DBD_TTGCGT20NTA_AF_ACNGTTAAACNG_1_4_short.pfm	1280,204,284,27,21,59,1280,1280,1280,265,21,339;68,1280,761,0,0,79,310,81,55,1280,422,296;618,8,239,1280,0,0,188,80,79,56,449,1280;267,73,0,78,1280,1280,243,77,130,103,388,229
MYBL1_DBD_TTGCGT20NTA_AF_NCCGTTAACGGN_1_4_short.pfm	1591,347,258,49,9,10,2209,2209,14,164,493,332;25,2209,2209,7,26,8,0,18,2209,1733,362,765;391,122,266,2209,0,0,12,24,1,2209,2209,40;201,112,0,4,2209,2209,14,0,12,945,888,1072
MYBL1_DBD_TTGCGT20NTA_AF_NNAACCGTTNN_1_4_short.pfm	4233,4508,12414,12414,262,510,0,21,491,7812,6297;2322,2958,1015,375,12414,12414,0,706,3268,618,2301;2119,1078,5248,2502,47,0,12414,42,240,1756,1556;3740,3870,2376,788,131,191,0,12414,12414,2228,2260
MYBL1_DBD_TTGCGT20NTA_AF_NNCNGTTNNNACNGTTN_1_4_short.pfm	150,526,160,372,50,48,56,865,524,751,1491,75,122,13,8,115,689;32,87,1491,651,34,24,79,16,144,0,86,1491,695,14,115,161,49;1063,564,110,443,1491,63,29,285,278,313,551,0,643,1491,62,77,482;247,314,144,25,223,1491,1491,325,546,449,440,52,32,6,1491,1491,271
MYBL2_DBD_TGAGTG20NGA_AC_ACCGTTARRACCGTTA_2_3_short.pfm	1746,135,223,36,6,6,2069,1194,1664,2039,145,157,85,3,12,2036;64,1750,1713,9,10,7,20,451,8,78,1843,1837,3,27,29,86;907,52,354,3302,127,5,330,945,639,281,56,224,3232,226,3,338;291,4,26,3,2627,2622,92,179,34,184,34,85,1,2605,2629,187
NFAT5_DBD_TGATAA20NGA_AA_RTGGAAAANTMCNN_1_3_short.pfm	6103,40,2,1,11522,11522,11522,11522,1570,430,8996,4,5251,3425;362,850,1,1,0,0,0,201,1014,852,2526,11522,2289,1716;5419,11,11522,11522,3,1,38,1458,2283,2,5,0,528,4915;88,11522,4,6,0,0,136,3541,6655,11522,51,4,3454,1465
NFATC1_full_TTCGTA20NTGC_AE_NATGGAAANWWWWTTTYCMN_2_4_short.pfm	2812,5214,91,9,52,4611,4610,4664,2426,2106,2092,3345,1591,393,42,0,0,0,2330,1835;1026,241,1487,0,2,3,0,281,1713,369,850,1048,908,364,8,3,3137,5385,3088,331;1078,2519,96,6407,7612,21,10,1,1258,108,903,411,719,1135,135,0,10,4,585,1151;761,251,4914,12,0,1,6,224,472,2871,2529,1480,2910,4206,4619,4623,2692,75,32,2236
NFATC1_full_TTCGTA20NTGC_AE_TTTCCAYNRTGGAAA_2_4_short.pfm	577,9,3,0,61,8746,755,5052,6660,300,200,63,10372,10067,9133;77,24,1412,14826,14670,167,5883,699,421,2376,377,39,10,11,541;795,0,0,4,1310,3839,585,1538,5336,263,17064,17150,911,9,45;12535,13590,13786,20,230,107,7416,4597,617,12044,85,3,14,0,586
NFATC1_full_TTCGTA20NTGC_AE_TTTTCCATGGAAAA_2_4_short.pfm	1850,414,0,8,4,1024,8508,8,100,0,8812,8805,8596,6198;2139,32,0,2234,13094,13149,2,307,804,0,11,11,201,1745;3222,732,1,19,1,736,157,9,15157,15335,1595,9,53,2842;7516,11631,11876,11878,2,138,6,11196,425,2,0,10,343,1725
NFIA_full_TACGTC20NTGC_AA_NNTGCCAANN_0_3_short.pfm	22969,20706,0,0,0,0,89071,89418,23752,27709;22347,14274,0,0,93597,93394,0,0,21852,14439;24321,35089,0,98253,0,0,0,0,29423,16505;22282,23019,95496,0,0,0,0,0,17410,32052
NFIA_full_TACGTC20NTGC_AA_TTGGCANNNTGCCAR_2_3_short.pfm	470,0,4,5,650,19181,6352,6807,6465,4112,11,10,8,24858,13049;1267,16,0,1,27932,1725,10039,6909,4267,3042,8,27483,27680,158,59;128,180,29751,29676,2,2732,4852,7148,10806,2058,29809,5,2,10,11224;30043,31058,5,5,12,3817,6378,6727,6373,21894,837,9,4,5,244
NFIL3_DBD_TAGACG20NCG_Y_NRTTACRTAAYN_1_2_short.pfm	433,1299,19,9,1963,47,1060,28,1963,1963,102,677;551,401,12,12,6,1963,42,449,607,5,1021,568;412,663,0,544,524,42,903,0,2,6,275,341;567,69,1963,1963,28,157,22,1963,6,9,942,377
NFIX_full_TGAGAT20NAGA_W_NNTGCCAAN_1_3_short.pfm	6749,6904,6464,13,0,0,24137,24137,6007;5095,3320,4674,29,24137,24137,1533,1095,5429;5573,7121,3171,24137,4728,0,106,7380,6068;6719,6792,24137,2293,0,0,295,3410,6634
NFKB1_DBD_TCTCAA20NGA_AA_NGGGGAWTCCCCN_2_3_short.pfm	8441,9,0,4,229,12004,7003,22,17,497,4,6,1231;2013,0,3,0,3,62,18,1311,9574,9536,9591,9642,1293;990,19047,19177,19167,19458,821,32,116,4,1,1,2,3348;818,5,2,318,27,27,6744,14372,130,3,2,8,9386
NKX2-3_full_TGGAAT20NGA_AE_NCCACTTRAN_1_4_short.pfm	3572,2025,38,9278,8,0,0,4241,9278,3170;2182,9278,9278,98,9278,0,939,1451,917,2754;1989,4499,0,16,0,18,0,5037,1831,2788;1535,140,132,250,0,9278,9278,343,2437,566
NR2C2_DBD_TCGACT20NCAT_Z_RRGGTCAAAGGTCA_2_3_short.pfm	3910,5089,169,170,57,96,9723,9037,9604,52,54,11,188,9604;2113,194,43,53,222,10935,6,198,4,1,8,142,10995,148;5352,4956,11449,10535,734,834,405,1376,1365,11817,10851,811,700,1810;1410,62,463,2299,9359,2011,10,1038,7,96,2556,8999,2137,105
Nr2e1_DBD_TCGCGC20NGCT_AA_AAAAGTCAA_1_4_short.pfm	1615,1615,1615,1615,9,3,19,1615,1615;312,180,17,7,17,107,1615,11,248;293,572,108,120,1615,26,0,49,213;557,666,13,0,2,1615,41,3,427
Nr2e1_DBD_TCGCGC20NGCT_AA_RAGTCAANAAGTCA_2_4_short.pfm	1537,1753,262,26,0,2046,1771,801,2072,2066,24,0,7,2111;181,262,16,177,2564,11,250,160,22,70,1,351,2542,24;659,545,3361,174,39,194,313,647,65,135,3479,82,71,223;51,267,25,2564,241,41,432,969,112,63,3,2432,248,18
NR2F1_DBD_TCTGAC30NAGG_AI_DNNNGGTCANNNH_1_4_short.pfm	4802,7266,6333,8496,0,0,0,0,12059,5116,3229,3276,5681;11446,1692,387,0,30,0,0,12059,0,3055,2966,2470,2912;3276,1153,4869,3791,12059,12059,0,0,91,1618,4395,3886,36863;3980,1948,469,0,0,0,12059,0,0,2270,1469,2427,3466
NR2F1_DBD_TCTGAC30NAGG_AI_RRGGTCANNNGGTCAN_1_4_short.pfm	3577,4397,100,61,88,49,8327,5738,4579,6760,28,50,15,46,8327,3077;1012,56,90,27,90,8327,64,790,241,33,55,37,114,8327,39,2051;4750,3930,8327,8327,238,165,479,587,2431,1508,8327,8327,195,144,573,1332;734,100,146,206,8327,472,73,1212,1076,26,48,164,8327,499,64,1867
NR2F1_full_TCTGAC20NGA_AE_RRGGTCAN_1_4_short.pfm	355,546,0,2,0,0,1196,507;105,0,3,0,0,1196,0,207;840,649,1196,1196,19,4,56,249;121,8,11,1,1196,29,0,232
NR4A2_full_TCATTG20NTTA_W_AGGTCANNNNNTGACCT_2_4_short.pfm	4986,18,60,38,6,4761,2540,1840,1453,1118,1661,35,502,4450,74,1055,4;5,6,5,180,5549,6,1534,1280,1958,1398,780,325,50,374,5349,4540,15;21,7056,7657,487,41,334,572,1670,1284,1798,2189,12,6657,150,0,3,0;0,1018,74,6924,339,12,1128,1445,1521,2221,1859,6662,4,0,81,21,7236
NR4A2_full_TCATTG20NTTA_W_TGACCTTTAAAGGTCA_2_4_short.pfm	4,38,622,12,137,0,7,0,620,645,655,8,11,39,0,592;50,5,32,743,670,4,4,29,0,0,0,2,0,29,707,4;10,997,35,0,0,5,0,0,33,0,2,914,980,42,10,109;1030,1,0,5,2,940,952,922,3,10,0,179,6,957,50,3
NR4A2_full_TCATTG20NTTA_W_TTTAAAGGTCA_2_4_short.pfm	1626,775,868,7329,7417,7388,41,62,67,18,7500;1873,2797,890,9,0,13,99,113,131,8059,19;1684,1960,835,297,19,21,7738,8077,480,56,394;6329,5661,6494,165,81,2,909,91,7361,171,43
NRF1_full_TAGCGA20NCG_AC_YGCGCATGCGCN_1_2_short.pfm	41,987,35,59,1,2831,21,0,5,3,8,1301;1024,6,2831,5,2831,43,121,4,2831,40,2831,497;26,2831,9,2831,0,64,46,2831,4,2831,12,446;1807,0,2,4,1,20,2831,2,48,64,657,587
ONECUT1_DBD_TAGCTC20NTCT_Y_NNAAAATCRATAWN_1_3_short.pfm	3403,4130,7908,7908,7908,7908,12,18,3718,7908,7,7908,5211,2667;1375,713,824,468,24,10,10,7908,13,7,4,187,1858,1532;1936,1874,1288,275,392,24,7,9,4190,2,0,358,819,901;1194,1191,1872,2265,27,15,7908,3,2,26,7908,811,2697,2808
Otx1_DBD_TCTTAG20NATG_AC_NNTAATCCGATTANN_1_3_short.pfm	123,153,40,580,580,10,6,20,4,580,6,30,580,194,142;129,142,16,0,0,5,580,580,11,195,6,8,7,90,192;168,77,0,20,1,117,50,0,580,12,1,0,21,149,137;160,208,580,17,0,580,0,14,69,34,580,580,51,147,109
OTX1_DBD_TGATAA20NGA_Y_NTAATCCN_1_3_short.pfm	5118,745,23441,23441,243,647,789,1873;6501,90,0,0,0,23441,23441,6182;3186,0,254,0,3160,659,8662,10599;8636,23441,544,0,23441,378,3363,4787
PAX1_DBD_TAACTT20NTCA_Y_SGTCACGCWTGANTGMA_2_4_short.pfm	314,3,234,3,3574,2,3,0,2215,11,1,3579,824,74,849,1453,2643;3157,0,80,4490,213,4489,2,4404,81,425,1769,2,1629,612,11,2561,2136;1423,5266,0,1,2,0,5304,1017,43,2,4652,595,1230,32,4289,1147,780;327,79,4396,475,0,651,3,0,1529,4290,54,0,744,4185,880,0,1290
PAX3_DBD_TTCTCT20NCTC_AF_TAATYRATTA_1_2_short.pfm	1994,7945,7945,9,12,2684,7945,0,58,7945;243,32,24,101,5267,48,22,14,97,233;394,96,12,17,62,5261,57,14,42,197;7945,31,13,7945,2678,7,31,7945,7945,1061
PAX6_DBD_TCCATA20NTAC_Y_TTTYACGCWTGANTGMNYN_2_4_short.pfm	289,134,396,40,1044,0,13,1,617,9,3,1015,336,7,168,574,486,26,457;166,102,28,927,206,1411,0,1410,65,63,359,0,440,84,2,586,111,829,217;354,77,79,21,45,2,1363,99,3,0,1334,220,281,7,1238,148,357,8,66;887,1024,930,327,16,122,1,0,447,1101,7,0,173,1054,75,1,214,438,374
PITX1_DBD_TCATGC20NCG_Y_NYTAATCCN_1_3_short.pfm	801,727,220,2989,2989,131,130,100,536;900,1455,0,16,0,56,2989,2989,1510;727,337,6,82,2,445,89,71,380;561,1533,2989,82,0,2989,116,457,562
POU1F1_DBD_TACACC40NCAC_AI_NWTATGCWAATKAG_1_3_short.pfm	1211,1128,276,2128,45,28,98,1267,2128,2128,76,222,2128,736;247,123,83,14,74,11,2128,12,11,10,37,241,174,479;273,187,108,32,26,2128,164,7,82,0,40,840,194,2128;397,1000,2128,19,2128,176,536,861,85,3,2128,1287,273,547
POU2F1_DBD_TCTTTC20NGA_AC_NWTRMATATKYAWN_1_2_short.pfm	816,2511,544,1064,1870,3577,305,3577,699,168,330,3577,1619,1587;1312,696,218,199,1707,196,98,39,215,93,2984,146,335,617;330,191,70,2512,35,110,21,29,117,1656,112,121,374,677;1118,1066,3577,323,86,512,3577,210,3577,1920,592,387,1958,696
POU3F1_DBD_TAGCGA20NGCT_Y_WTGMATAAWTNA_1_2_short.pfm	1413,399,593,966,2143,26,2143,2143,841,515,584,2143;316,212,148,1177,64,12,68,223,116,252,472,239;238,122,2143,12,40,4,100,78,81,587,148,269;731,2143,206,156,97,2143,617,617,1302,2143,939,459
POU4F1_DBD_TACAAA20NAAC_Y_ATGMATAATTAATG_2_3_short.pfm	2418,153,1032,1720,2950,91,2811,2915,465,390,2825,3181,276,1054;1035,236,376,1661,47,15,102,124,106,72,668,36,359,652;1085,125,3857,29,25,15,145,144,129,262,696,54,220,3454;949,3553,750,76,139,3511,1316,638,3201,3218,1116,15,3102,1576
POU6F2_DBD_TGCTGT20NCG_V_NSCTMATTAN_1_3_short.pfm	1848,714,239,75,1192,3297,0,0,3297,1268;321,1181,3297,64,2105,75,4,12,27,546;582,2116,219,114,50,0,0,41,22,205;546,266,257,3297,81,21,3297,3297,53,1278
PRDM1_full_TTGAGG20NGAT_AE_NRAAAGTGAAAGTGN_2_2_short.pfm	807,879,2061,2120,2148,45,43,61,2161,2094,2202,15,9,560,740;394,50,133,32,18,32,324,1,15,9,13,10,108,268,540;407,1552,75,111,29,2890,365,2912,9,187,18,2953,99,1481,648;693,54,143,66,6,56,1789,1,4,2,8,11,1937,759,451
PRDM4_full_TAGCAG20NCG_AC_TTTCAAGGCYCCC_3_4_short.pfm	17,7,22,21,56364,56701,1,1314,534,388,2409,12,8;35,34,32,56624,67,83,59,161,55292,47362,54100,56775,56694;9,0,0,0,51,14,56716,50810,268,543,71,0,0;56739,56762,56751,162,377,21,49,4638,864,8610,252,10,92
PROX1_DBD_TGCAGA20NGA_AF_NAAGACGYCTTN_1_4_short.pfm	174,3367,3367,63,3367,31,15,11,3,4,17,2133;1503,17,229,0,21,3367,2,1692,3367,3,171,553;543,94,48,3367,84,0,3367,8,12,128,39,607;1147,46,420,1,2,36,299,1675,18,3367,3367,74
RARA_DBD_TAAAAT20NTA_Q_ARRGGTCANNNRRGGTCA_2_3_short.pfm	469,460,543,0,0,4,8,656,138,64,153,301,384,1,0,9,7,719;69,15,5,2,3,5,962,1,62,102,78,92,14,1,2,2,934,5;142,173,107,635,628,18,4,17,24,153,27,302,270,612,557,9,14,24;90,23,1,0,44,496,16,2,334,280,310,17,1,0,91,497,8,2
RARA_DBD_TAAAAT20NTA_Q_RAGGTCAAAAGGTCAAKN_2_3_short.pfm	250,507,0,1,0,2,528,526,526,522,0,0,3,0,540,539,2,0;1,1,0,0,5,707,0,0,0,5,0,0,0,705,0,36,0,115;513,35,745,746,1,26,4,28,3,4,759,754,0,0,1,30,228,226;4,0,0,19,559,0,0,162,37,0,1,101,546,2,0,181,328,212
RARA_DBD_TAAAAT20NTA_Q_RGGTCANNNARRGGTCA_2_3_short.pfm	1089,0,0,6,10,1391,301,213,147,972,1015,1126,2,1,8,4,1486;24,0,2,11,1980,16,397,432,677,118,17,16,0,7,11,1923,3;313,1488,1451,17,9,11,84,584,157,198,348,269,1455,1440,13,26,25;0,2,71,1143,21,2,581,223,502,228,7,1,4,35,1131,22,10
RFX2_DBD_TAACCC20NCCA_Y_NGTTRCCATGGYAACN_2_3_short.pfm	1381,270,28,1990,3948,12,2,9773,215,3132,2007,1359,9266,9876,7,2415;5653,12,38,888,237,13197,12326,38,88,7,128,8298,26,14,14067,3654;4042,13942,14,14,8026,93,5,65,29,12113,13075,354,958,25,1,5451;2336,8,13836,12503,1175,1459,3386,184,13479,2,3,4297,1194,16,309,1441
Rfx2_DBD_TGGTAG20NATT_AC_SGTTGCYARGCAACS_2_3_short.pfm	174,14,7,61,188,1,2,2049,848,13,109,1995,2060,90,517;1347,5,9,80,35,2776,255,17,138,14,2525,39,94,2623,930;1008,2717,0,3,2649,0,8,21,1508,2797,172,239,122,74,1337;424,14,2205,2161,24,16,1965,0,141,8,317,159,28,101,218
Rhox11_DBD_TGGCCC20NCG_P_NGCTGTWAN_1_4_short.pfm	238,456,396,11,115,0,654,1385,614;521,192,1385,0,0,0,0,536,338;125,1385,440,0,1385,0,0,305,43;501,135,73,1385,53,1385,730,566,390
RHOXF1_full_TTAGAA20NTA_AE_GGMTNAKCC_1_4_short.pfm	558,73,1060,26,695,1651,119,0,65;553,193,591,58,248,4,0,1651,1651;1651,1651,11,43,203,0,408,68,82;198,239,110,1651,504,85,1243,72,173
RORA_DBD_TCTGTA30NTGG_AI_WAWNTRGGTYAGTAGGTCA_2_4_short.pfm	1519,6645,3135,648,2,5242,3,0,3,64,7067,152,8,6727,4,2,23,5,6562;224,79,16,4408,15,15,4,3,180,3102,17,1883,119,9,7,19,84,7802,0;533,13,9,2118,47,2421,7375,7336,124,19,15,5544,157,220,7375,7101,73,7,200;4030,220,2661,754,6289,4,33,2,6080,3346,8,405,6549,10,33,5,6352,62,4
RUNX2_DBD_TACCTA40NTCC_AI_NAACCGCAAACCRCAN_2_4_short.pfm	603,1170,1386,20,17,459,20,1396,1344,1384,103,77,488,105,1297,726;281,180,113,1538,1537,41,1546,11,72,90,1565,1550,114,1518,168,212;184,625,235,64,51,2242,16,57,365,166,122,73,1592,118,374,586;774,262,52,28,26,55,39,179,44,64,33,92,75,156,173,295
RUNX2_DBD_TACCTA40NTCC_AI_WAACCRCAAWAACCRCAN_2_4_short.pfm	509,860,984,3,0,358,0,960,811,734,931,977,12,28,449,38,991,519;231,197,60,1085,1085,5,1100,67,165,84,93,84,1100,1105,31,1098,95,107;159,609,120,10,9,1094,10,203,457,150,207,140,15,36,946,25,202,395;743,190,15,3,2,46,12,107,487,420,241,15,24,11,66,73,114,271
RUNX2_DBD_TACCTA40NTCC_AI_WAACCRCAN_1_4_short.pfm	3872,6621,6621,0,0,1914,0,6621,4202;1092,556,325,6621,6621,36,6621,476,677;326,1215,0,0,0,4707,0,458,1134;2748,582,0,0,0,120,0,191,607
Rxra_DBD_AAGAC14N_T_RGGTCATGACCY_2_4_short.pfm	899,2,0,3,0,1681,1,11,1925,70,1,2;1,0,2,4,2113,0,193,0,6,1709,1701,1179;1513,2810,2588,24,9,539,3,3561,2,16,15,1;0,1,105,2018,26,2,2230,4,2,3,0,646
SCRT1_DBD_TCTTAG20NATG_Y_NNGCAACAGGTGGNN_2_4_short.pfm	472,452,30,7,1046,1071,1,1075,190,0,0,154,139,187,269;167,203,40,1447,35,0,1501,0,3,0,3,42,217,302,317;574,89,1400,3,0,0,0,0,1461,1629,2,1302,1034,298,118;111,410,519,20,24,0,0,0,5,2,1136,255,502,467,524
SMAD3_DBD_TGGGTA20NGA_AC_YGTCTAGACA_1_3_short.pfm	554,20,103,9,0,3491,0,3491,20,3491;1829,16,29,3491,46,30,10,199,3491,434;87,3491,83,11,31,22,3491,5,10,316;1662,18,3491,6,3491,0,3,56,20,758
SOX10_full_0_TGATTT20NTTA_AF_AACAATRTKCAGWGTT_1_4_short.pfm	282,282,0,282,282,0,92,0,0,0,282,0,0,0,0,0;0,0,282,0,3,0,0,0,15,282,0,0,0,0,0,0;0,0,0,0,0,0,190,0,132,0,0,282,0,282,0,3;0,0,0,0,0,282,0,282,150,0,0,0,282,0,282,282
SOX10_full_0_TGATTT20NTTA_AF_TGAATRTKCAGTCA_1_4_short.pfm	0,0,701,701,0,167,0,12,0,701,0,0,0,701;0,3,0,0,0,0,0,15,701,0,0,0,701,5;0,701,0,0,0,533,0,258,0,0,701,0,0,0;701,0,0,0,701,6,701,442,0,0,7,701,0,0
Sox17_DBD_TATTGT20NGTG_AF_AACAATNNCATTGTT_1_3_short.pfm	2302,2302,1,2302,2302,0,1008,617,97,2302,0,8,3,5,45;21,2,2302,0,113,0,33,253,2302,0,6,0,0,11,43;28,14,1,1,31,0,183,730,30,1,664,23,2302,9,39;40,3,8,5,3,2302,1078,702,164,0,2302,2302,1,2302,2302
SOX18_full_TGTGTC20NTGG_AE_ATCAATNNCATTGAT_1_4_short.pfm	298,8,0,298,298,0,96,51,0,298,0,0,0,298,13;14,0,298,0,0,0,7,36,298,0,0,0,0,0,0;31,0,0,0,0,0,15,132,0,0,44,0,298,6,8;6,298,0,0,0,298,180,78,15,0,298,298,0,5,298
Sox1_DBD_TGTCTA20NTCG_AC_TCAATWNCATTGA_1_4_short.pfm	87,0,1493,1493,13,1006,476,6,1493,0,0,23,1493;0,1493,0,170,0,9,452,1493,0,0,13,14,121;0,0,0,0,0,292,295,0,0,33,0,1493,54;1493,9,0,0,1493,487,270,38,0,1493,1493,0,132
Sox1_DBD_TGTCTA20NTCG_AC_TGAATNNNNATTCA_1_4_short.pfm	0,0,417,417,0,190,129,112,85,417,0,0,0,417;8,0,0,9,27,5,55,115,182,0,0,0,417,11;11,417,0,0,0,122,140,43,0,14,14,12,0,0;417,0,0,0,417,100,93,146,158,0,417,417,0,0
Sox3_DBD_TGGGGT20NCG_Q_NATGAATKNYATTCATN_1_4_short.pfm	1057,5752,13,12,5752,5752,1,0,1153,1,5752,6,7,4,5752,592,2317;427,82,2,1,1,2,2,2,1382,2865,1,6,6,5752,4,45,303;2420,253,1,5752,4,3,1,4032,2155,8,2,1365,4,2,4,247,2402;1848,289,5752,0,2,2,5752,1720,1062,2887,1,5752,5752,2,4,5752,729
SOX7_full_0_TGAGGC20NGGA_AF_AACAATNNNNAKTGTT_1_3_short.pfm	282,282,1,282,282,0,103,74,48,55,282,1,2,1,1,2;1,1,282,0,0,1,5,11,51,164,0,0,0,0,1,2;1,0,0,0,12,0,129,44,79,5,0,105,0,282,1,2;0,0,0,0,1,282,45,153,104,58,1,177,282,0,282,282
SOX9_DBD_TCTCAA20NGA_O_NAACAATRN_1_4_short.pfm	1773,6186,6186,0,6186,6186,541,2685,1234;710,1156,1,6186,0,24,82,429,1410;2287,1398,38,87,0,30,94,3501,2993;1416,1461,486,247,42,19,6186,857,549
SOX9_full_TGGGGT20NGGT_W_ATCAATRTKCAGWGAT_1_3_short.pfm	174,0,0,174,174,0,55,0,5,0,174,0,0,0,174,2;0,0,174,0,0,0,2,0,20,174,2,0,0,4,0,2;0,0,0,0,0,0,119,0,100,0,0,174,0,174,0,0;0,174,0,0,0,174,1,174,74,2,0,2,174,0,0,174
SOX9_full_TGGGGT20NGGT_W_ATGAATRTKCAGWCAT_1_3_short.pfm	554,0,0,554,554,0,166,4,53,2,554,0,0,0,554,5;0,0,4,0,0,0,7,0,31,554,0,0,0,554,0,0;2,0,554,0,0,0,388,0,329,0,2,554,0,0,0,0;0,554,0,0,0,554,20,554,225,0,2,2,554,0,0,554
SPDEF_DBD_TCGCTG20NTCT_AD_AMCCGGATGTN_1_4_short.pfm	498,214,2,21,0,10,498,77,158,0,236;10,284,498,498,5,0,0,21,40,81,25;10,37,22,0,498,498,1,7,498,0,89;92,13,0,0,0,0,1,498,39,498,148
SPDEF_DBD_TCGCTG20NTCT_AD_GTGGTCCCGGATYAT_2_4_short.pfm	79,48,31,7,31,0,0,0,0,0,232,15,3,239,20;16,13,14,32,0,285,271,272,0,0,4,10,71,1,33;238,51,224,227,4,12,4,0,235,232,0,0,0,0,22;46,196,89,77,205,0,3,0,0,3,2,201,162,7,175
SPDEF_DBD_TCGCTG20NTCT_AD_NCAGNAAGAMGTAWMM_3_4_short.pfm	1468,312,5473,97,2053,5750,5764,1179,5403,4410,68,124,5731,2366,3784,1829;675,5037,203,1,243,3,22,21,4,1265,139,76,0,3,850,3732;2903,385,170,5689,1386,4,58,4700,443,0,5764,249,99,0,7,30;720,277,103,33,2085,26,0,33,7,116,0,5683,273,3405,1299,341
SPI1_full_TCCCCT20NCG_AD_AAAAAGCGGAAGTN_2_3_short.pfm	3946,4976,5053,5044,4868,49,1793,29,0,5105,5122,0,21,2535;555,26,2,0,4,246,4068,1,1,2,1,184,69,288;1142,377,8,0,15,5255,727,5300,5330,0,1,5246,12,733;476,82,30,99,524,2,1,2,0,1,5,1,4962,1439
SRF_DBD_TGAACG20NGA_Y_MCCATATAWGGN_1_4_short.pfm	600,2,0,717,49,717,30,717,227,4,0,169;117,717,717,5,0,3,3,1,6,1,2,292;86,0,0,22,0,2,1,0,3,717,717,53;121,0,5,114,717,11,717,87,490,0,1,203
TBX15_DBD_TACGTC40NTGC_AI_AGGTGTGAANTTCACACCT_2_4_short.pfm	3013,49,0,14,1,210,49,3033,2868,2412,139,1,146,2951,1,2996,7,4,99;1,112,7,117,0,142,217,0,62,5,15,0,2496,18,2593,6,2524,2523,158;150,4299,4230,58,4633,18,4195,6,5,464,185,5,141,92,2,4,0,0,8;158,158,6,3788,0,3887,628,0,453,378,3896,3919,110,5,0,0,0,20,3900
TBX19_DBD_TACTAT40NATC_AI_NNTCRCACNTANGTGYGANN_2_3_short.pfm	10247,7363,343,13892,23300,76,31154,2675,7973,5455,29962,5373,8127,82,278,2765,2535,31606,19937,16038;5394,4213,1043,24809,456,31489,50,29630,15621,4319,1692,7005,1730,2983,20,12022,6135,111,4953,5961;7955,7813,221,9198,12031,96,1899,1507,7432,2831,4295,19801,43953,265,48757,694,39866,858,4529,5924;15259,21130,44289,2402,1889,228,27,5303,4383,40120,4116,8983,3921,43499,128,26200,13125,235,5442,8228
TBX1_DBD_TACGGA40NGGC_AI_AGGTGTGAAAAAAGGTGTGA_3_4_short.pfm	6790,1576,9,9,7,58,26,7584,7308,7158,6258,6787,7379,1978,8,392,5,353,54,7565;23,1003,4,113,11,414,252,7,30,349,671,1566,3,914,12,416,0,299,173,26;978,6165,7564,64,7557,37,5703,5,933,937,830,1036,302,6353,7526,31,7581,18,7545,32;1855,925,26,7491,15,7446,1968,0,433,1116,2520,1724,239,1298,49,7267,0,7570,1622,7
TBX1_DBD_TACGGA40NGGC_AI_YTCACACCTNNAGGTGTGAR_2_4_short.pfm	730,9,329,8622,2,8518,8,1720,182,3223,2692,7009,542,6,16,0,243,6,8730,5372;472,7,7981,2,8154,10,8298,7767,484,4316,2274,1799,2525,82,136,0,128,135,42,97;767,56,573,178,20,349,22,108,296,1047,257,794,9882,13640,150,13953,93,13381,24,4683;11227,12141,4,216,3,22,5,636,11588,126,4777,83,210,1,11750,1,11623,688,14,1455
TBX20_DBD_TACTCA40NCTC_AI_AGGTGTGAAGGTGTGA_2_3_short.pfm	17764,2430,18,26,19,841,972,18652,16680,4616,31,90,35,569,412,18786;380,929,128,783,39,898,3081,20,413,7530,1802,5837,23,1339,3296,61;2350,17313,18570,98,18661,101,16647,194,4666,15598,17689,194,18879,85,16860,199;1111,887,80,17478,19,17185,4961,93,2720,1481,4072,16249,21,16919,4227,54
TBX21_DBD_TACTGC40NGTC_AI_TNACACCTNNNAGGTGTNA_2_3_short.pfm	362,2735,9452,67,9853,184,1312,1384,2851,3262,4483,9483,2379,109,54,27,1357,438,9769;1470,5472,149,9112,38,9077,8039,2243,3053,2535,1080,349,1932,443,1373,11,2732,1038,78;237,1554,2124,52,1111,201,1698,614,1789,2994,4004,1716,12765,14960,183,15077,225,10048,1022;13899,354,700,16,27,94,1926,13172,3915,2961,2546,875,1691,253,13971,16,12798,2490,199
TCF4_full_TTGCCG20NCCT_AE_NNCACCTGNN_1_2_short.pfm	182,259,24,638,0,79,0,101,66,197;211,122,638,37,638,638,57,295,213,123;81,200,41,7,49,39,0,638,158,144;163,55,0,155,53,64,638,182,201,174
Tcfap2a_DBD_TGATCC20NCG_P_NGCCNNNNGGCN_1_3_short.pfm	372,255,13,24,6,92,807,1100,18,0,6,1367;691,636,2618,2618,1875,1175,919,243,51,463,2618,222;84,2618,154,0,134,485,785,1265,2618,2618,222,570;1471,5,0,22,602,867,107,11,17,0,102,460
Tcfap2a_DBD_TGATCC20NCG_P_NSCCNNNGGSN_1_3_short.pfm	865,0,0,0,0,144,1714,98,0,0,823;915,347,2439,2439,766,1269,368,94,164,2299,181;171,2092,88,79,287,909,340,2439,2439,140,616;488,49,0,96,1387,117,17,0,0,0,820
Tcfap2a_DBD_TGATCC20NCG_P_NSCCNNNNNGGSN_0_3_short.pfm	868,0,0,0,143,180,345,1354,713,0,0,0,1796;349,817,2170,2166,1751,1101,949,534,189,0,0,1921,304;383,2951,0,0,267,470,1295,1340,3127,4885,4892,531,632;2115,0,0,0,333,1453,771,265,266,0,0,0,681
TEAD1_full_TCTTAG20NATG_W_NRMATWCCWN_1_4_short.pfm	218,734,212,1132,0,265,29,0,621,280;454,100,920,63,10,33,1132,1132,109,346;147,398,21,0,4,0,2,1,206,138;314,51,18,32,1132,867,24,291,511,367
TEAD1_full_TCTTAG20NATG_W_RCATTCCNNRCATWCCN_2_4_short.pfm	166,88,253,0,55,6,11,99,55,156,101,253,0,78,11,23,116;5,287,0,0,7,324,286,12,78,17,280,0,0,6,307,283,25;120,6,0,0,0,21,6,53,85,135,18,2,8,25,31,2,47;14,2,0,282,262,19,81,106,78,5,4,1,277,187,23,71,92
TFCP2_full_TAGATA20NCG_AD_NCCGGNNNNNNCCGGN_2_4_short.pfm	418,0,4,125,0,195,160,83,336,444,424,20,41,184,62,173;0,382,368,0,0,41,24,154,68,30,16,373,319,27,62,60;30,11,2,859,905,4,16,73,138,86,87,47,23,790,892,26;172,0,98,32,3,404,486,281,84,42,108,30,223,101,51,379
THRA_FL_TCGGCC40NCGT_AI_NTGACCTNATNAGGTCAN_2_4_short.pfm	5202,60,452,13347,39,27,6,226,13247,95,8052,14208,11,0,4315,77,13960,3432;1118,760,544,225,13166,13134,1989,5334,219,2345,1021,31,26,0,176,13245,207,5742;8177,51,22136,259,9,0,148,2914,3454,321,8054,1420,22560,22155,252,851,916,1817;3480,16918,171,3005,15,0,16460,7987,32,15939,234,0,10,147,15114,376,26,4582
THRB_DBD_TGGCAA30NACT_AI_NTGACCTNNNNNAGGTCAN_2_4_short.pfm	2851,67,789,11092,27,20,11,373,10870,3755,65,9166,13115,11,8,1988,137,13448,3456;1430,496,350,164,16303,16272,2316,4706,46,3028,2761,1570,25,6,3,265,15699,30,6692;7901,74,18826,343,35,43,66,3316,3121,4289,295,3897,921,19527,19500,303,717,617,1831;5028,16605,79,3105,6,9,15096,8722,129,5195,13531,198,9,102,259,15278,385,22,3985
THRB_DBD_TGGCAA30NACT_AI_NTGACCTYANNTRAGGTCAN_2_4_short.pfm	3018,36,346,9290,44,16,6,591,9341,2322,5130,104,5780,10148,5,3,4543,469,10394,2053;1172,549,312,164,12375,12237,1359,4176,143,3851,1582,2390,1614,14,72,72,310,11163,27,5442;4126,36,14949,222,31,117,58,1662,2373,2471,1143,129,5244,1074,14323,14455,269,804,440,2326;4040,12272,81,1691,4,15,12099,7269,11,3602,3439,11950,222,5,17,56,10351,401,108,2221
Tp53_DBD_TCGGGG20NGGT_AK_ACAWGTCNNNNRACAWGT_2_4_short.pfm	4990,1,4890,2665,21,352,926,1697,2606,1928,1837,2747,5312,7,5436,2517,28,377;29,8241,1,6,0,1545,5259,2476,528,419,898,97,20,7913,12,8,187,679;814,1,17,1205,8142,78,1866,862,2344,2189,2361,3685,1777,7,21,950,8776,90;339,6,12,3371,60,7929,966,2122,1301,2578,2009,509,537,74,65,3598,8,7725
Tp53_DBD_TCGGGG20NGGT_AK_ACAWGTCNNNRRCAWGT_2_4_short.pfm	7761,0,7918,4585,33,129,514,2714,4192,3467,2888,7486,23,8666,2682,28,371;7,13200,48,60,24,1542,11025,2143,1871,1228,85,25,12857,23,157,125,972;804,0,62,438,12932,28,772,2095,2988,2932,8363,1394,0,71,1283,13534,70;213,8,4,5255,216,11821,1435,4388,1653,3586,1190,132,5,41,7505,110,11850
Tp53_DBD_TCGGGG20NGGT_AK_RACATGYCNNGRCATGTY_2_4_short.pfm	7544,10514,45,11931,1710,8,244,1228,1145,3851,3584,7104,0,12925,1825,327,879,1472;1037,116,19689,204,374,2,12014,17286,11875,1474,756,26,19350,250,118,33,3338,9183;6563,2433,13,653,137,20393,109,417,2151,9954,17846,8821,4,157,89,20549,116,825;2268,735,837,739,18893,0,7106,2642,3774,2118,1546,190,1,1155,17864,68,17859,9120
Vdr_DBD_TCCGCA20NCG_Z_RRGTTCANNRRGTTCA_2_3_short.pfm	99,225,0,1,3,0,354,21,105,46,145,0,0,1,0,420;32,0,2,2,2,520,0,154,183,30,0,0,0,2,500,4;260,166,415,66,10,3,68,14,20,372,301,420,38,6,6,38;2,0,0,368,400,15,12,256,101,2,0,1,366,390,23,7
VENTX_DBD_TGAAGT30NGAA_AI_NMCRATTAR_1_4_short.pfm	17344,9981,562,7795,23923,0,0,23923,8820;983,13942,23923,5650,203,0,0,0,706;1934,6941,0,16128,0,0,0,0,15103;3662,5912,3964,626,74,23923,23923,0,2189
VENTX_DBD_TGAAGT30NGAA_AI_SSYTAATCGRWAANCGATTAR_2_4_short.pfm	3428,2522,970,98,15866,15709,17,169,856,6029,11155,15722,15186,10147,118,1522,15894,16,12,15750,3488;12885,9522,11154,16,43,102,45,14712,946,1402,40,47,302,3924,20982,1376,114,8,30,13,385;4459,9847,724,36,112,105,81,10899,20864,12994,204,55,50,2610,69,20214,12,27,12,23,15175;2298,1106,7494,17516,16,17,17439,3380,393,452,4331,1927,1736,306,62,26,41,17498,18111,117,192
YY2_DBD_TCTTTC20NTTG_Y_NNCCGCCATNW_1_4_short.pfm	137,198,53,9,20,12,0,559,9,70,338;90,71,559,559,36,559,559,7,0,84,32;239,90,41,21,559,1,0,9,0,68,114;93,200,181,14,17,0,5,23,559,338,221
YY2_full_TGAGCA20NGA_AE_CCATGCCGCCAT_2_4_short.pfm	1123,1463,6445,822,794,184,9,156,26,27,6590,8;4405,4759,625,541,230,4886,4956,38,5150,5234,11,13;1372,812,995,825,7352,58,100,10696,142,8,18,10;1166,886,1775,8247,3636,115,121,128,84,10,8,7630
ZBED1_DBD_JianDBD_TAATAG20NCG_W_NTATCGCGAYATR_2_3_short.pfm	1153,441,3841,6,0,127,4,4,5326,6,5276,118,3123;2613,22,15,8,5373,3,5357,4,9,4330,11,273,270;591,56,2065,0,6,5979,0,6013,12,0,10,635,1876;711,5321,8,5510,18,2,110,0,0,865,144,5055,608
ZBTB49_DBD_TCTAAT20NGA_AC_TTTCGCNTGGCNNGTCA_2_4_short.pfm	0,0,402,4,41,0,9,37,55,1116,289,1270,0,6,0,0,2320;131,0,1179,2523,20,3283,1100,14,2,205,3489,907,916,0,113,3066,3;0,0,486,14,3253,0,286,173,3620,3547,172,627,883,3347,5,0,219;2367,3038,2525,941,48,1,837,2641,16,310,218,8,364,0,2716,0,410
ZBTB7A_DBD_TGAATA20NGA_W_NGCGACCACCNN_1_4_short.pfm	30,47,0,21,177,0,3,177,0,42,29,84;35,39,177,0,43,177,177,12,177,177,28,37;69,177,17,177,1,0,6,0,0,9,88,35;43,28,0,0,8,2,5,6,0,12,32,19
Zfp652_DBD_TACGAG20NCG_Z_NNAAAGGGTTAAW_2_4_short.pfm	1567,83,4357,5158,4538,4,180,8,10,5,5325,5260,1868;995,1130,270,47,67,7,0,0,6,0,0,11,1049;998,1721,504,68,635,4657,4571,4667,4,3,0,0,231;1316,1397,458,60,137,85,6,0,4440,4428,1,3,1966
Zfp740_DBD_TCAACC20NCG_Z_NCCCCCCCAC_1_3_short.pfm	806,699,582,136,110,190,235,390,2659,811;909,2659,2659,2659,2659,2659,2659,2659,416,2659;590,105,23,24,8,41,120,107,277,352;354,297,166,74,91,144,139,280,611,1162
ZIC1_full_0_TCGACT20NCAT_AF_GACCMCCYRMTGNG_2_4_short.pfm	1113,22722,836,1264,2606,0,185,22,2156,23,1215,73,3121,35;3934,2660,28949,29217,25527,29399,29532,18412,45,27426,1757,24,7693,520;25702,7408,58,204,327,4,10,0,31995,439,5531,34649,1690,34431;8960,23,125,281,927,7,14,10313,14,6735,27084,1,16190,2725
ZNF143_DBD_TGCAAG20NCG_V_TWCCCAYAATGCATTG_3_4_short.pfm	87,949,21,2,0,1609,0,1295,1572,6,59,0,1503,345,102,382;509,0,1590,1609,1609,0,917,143,0,0,36,1609,153,1067,1138,21;153,13,1,0,0,4,61,310,67,1,1553,0,3,15,13,1518;1285,652,1,0,0,3,686,0,1,1609,9,0,27,1080,1199,120
ZNF232_full_TATCAT20NACG_W_RTGTTAAAYGTAGATTAAG_2_4_short.pfm	81,25,0,4,29,146,145,149,11,8,2,142,10,158,0,2,158,159,30;27,23,0,9,34,2,6,4,63,0,2,0,0,0,36,15,6,0,55;78,31,193,0,0,0,0,0,11,191,0,67,185,0,0,28,5,0,165;22,149,0,186,162,0,10,2,93,0,176,22,0,0,168,175,12,0,2
ZNF238_DBD_TGGTGA20NGA_AC_NNTCCAGATGTKN_1_3_short.pfm	286,403,41,128,6,752,1,752,0,0,0,4,93;184,43,72,752,752,0,11,36,0,0,11,1,194;141,77,200,60,3,0,752,6,1,752,0,313,235;141,229,752,4,0,0,0,3,752,1,752,438,229
ZNF282_DBD_TGCCTG20NGA_AC_CTTTCCCMYAACACKNN_2_4_short.pfm	21,39,16,3,0,0,0,140,12,256,277,2,242,1,14,157,44;196,21,0,2,209,208,205,99,132,3,0,210,44,210,0,40,98;50,7,8,3,2,0,3,0,2,37,0,4,2,2,297,60,97;45,378,387,380,0,1,2,21,126,61,2,3,7,2,129,43,51
ZNF306_full_TAGGGC20NGGT_AD_TGGKCTARCCTCGA_2_4_short.pfm	105,4,65,2,145,0,1344,381,2,1,1,8,116,1325;151,5,2,2,1283,7,0,0,1320,1329,5,1284,28,29;135,1029,1043,513,28,6,0,756,3,0,8,56,967,355;818,0,1,516,3,1031,0,6,0,8,1007,90,40,34
ZNF410_DBD_TGCACT20NGA_AC_NNCATCCCATAATANTC_3_3_short.pfm	661,1715,1,3985,50,69,12,0,3985,0,3987,3983,4,3930,1069,172,798;700,1872,3641,2,33,3949,3986,3986,5,9,8,2,6,17,1285,818,2628;950,399,0,1,124,1,0,1,1,0,0,3,0,43,619,788,93;1677,2,370,4,3827,4,0,0,2,3987,0,1,3984,24,1015,2274,520
ZNF435_full_TATTTA20NTTG_W_AGTGTTAACAGARCACCT_3_4_short.pfm	40,15,0,0,0,0,50,60,0,52,1,59,47,0,59,0,0,1;9,4,3,0,0,0,0,0,59,1,0,0,0,59,3,59,52,14;8,40,0,59,0,0,11,0,0,0,56,0,12,0,0,0,2,4;8,10,59,0,59,59,3,4,0,16,0,0,0,0,0,1,5,40
ZNF524_full_TCTATG40NTAG_AI_ACCCTTGAACCC_2_5_short.pfm	2350,83,109,26,45,87,160,2203,2371,2,18,32;155,2027,2051,2039,48,2356,25,303,6,2075,2074,2065;111,58,65,78,17,102,2764,473,5,3,6,25;132,61,82,41,2731,1241,27,243,6,11,7,25
ZNF524_full_TCTATG40NTAG_AI_CTCGRACCCGTGCN_2_5_short.pfm	101,10,13,38,639,963,0,1,0,148,273,388,483,220;774,19,823,5,93,3,865,866,863,139,269,145,725,448;174,4,16,1044,300,2,0,0,0,946,330,895,259,130;124,1050,132,3,113,8,0,0,5,888,894,145,391,103
ZNF713_full_TAGGAT20NAGT_AD_TAGAYRAYTGMCANGAA_3_4_short.pfm	4934,17170,677,17638,18101,10775,17640,18855,6444,13,60,34,17625,56,69,17637,17632;153,251,38,19,5748,77,58,6213,48,31,17577,17493,14,17553,58,0,7;71,19,17550,0,867,6849,9,50,14,17590,6,12,11,27,17635,6,4;12576,299,6,5,469,21,25,10,17543,18,2,149,1,1,24,7,6
ZNF75A_DBD_CCATA14N_V_GCTTTTCCCACA_2_4_short.pfm	13,17,2,0,2,0,0,5,0,113,3,101;15,109,12,3,1,1,126,125,121,0,120,9;145,42,3,2,3,5,0,0,0,7,0,10;52,7,127,125,123,125,0,4,3,2,0,6
ZNF784_full_TGCGGG20NGA_AE_GTACCTACCT_1_3_short.pfm	35,17,450,4,1,1,450,0,0,0;63,100,3,450,450,14,0,450,450,16;450,45,1,4,1,0,2,2,0,148;34,450,2,0,36,450,1,0,0,450
ZSCAN4_full_TCTTTC20NTTG_W_TGCACACNCTGAAAA_2_3_short.pfm	257,290,0,1292,0,1281,3,772,7,8,3,1118,1225,1269,1000;383,2,1676,0,1665,0,1702,374,1684,11,50,107,279,0,200;112,1737,1,0,0,2,0,320,0,75,1873,230,0,2,365;1373,0,0,2,0,2,73,8,2,1699,218,362,6,1,229
